V
-368.35380775503 2.41237800699 -196.97228605855 63.03563369547 554.11051274003 588.52460011070 238.31677907601 243.97132753768
452.26220553518 -1305.80508198726 -5.52523329997 -44.05858300345 -280.39130333461 -585.93869839360 474.94376809313 -328.53854894361
93.59938118320 -15.82530991874 -234.54978490981 -422.87497285543 514.55196852395 -1247.97010349210 407.09141087986 86.15617977059
-237.85529756064 681.08115676268 71.04407939027 -64.69842018806 -451.39277519668 99.95196581334 122.06415911957 366.24745629897
63.25682188969 663.16907905317 243.32371318566 339.43771607681 -125.00461145624 1001.55739140224 347.14691593317 341.54276769690
-77.69257303579 45.49239489571 144.61130466241 -1147.21503588640 1659.30688779874 579.80244445709 149.59129867492 -121.05489346917
2008.37976564693 -1302.22159275823 -412.50334427889 48.70186546018 -68.15616141615 -44.40511834173 -507.74587289568 2904.68829591936
-421.26663977394 139.32866692574 294.13565242809 -130.48910180966 -268.40822844117 502.22381256700 -597.96516647937 841.76493896293
241.19257836055 75.44609786221 -587.44685191860 359.60390979229 -318.95543338620 299.34075702719 -861.64043513920 -31.35332807392
556.41227020379 -226.26070876607 13.60743410628 19.62133447302 39.67160255102 -965.34453524449 312.47811225284 78.00463178742
-540.65070070436 -1309.03405214222 62.05440312674 393.82634964793 -90.30270165493 -688.99931322500 -171.02823946360 -23.91544408152
132.55344990683 -57.74425531310 83.24716753497 -262.42236676953 420.23463444614 156.31474007655 261.64948547537 -425.11452292880
1542.14550537414 -340.12376039209 152.84567555360 -10.47527319722 -262.60429853267 415.38922365468 66.88342494293 -59.58755545534
-355.39994695759 140.36666734019 140.39573284730 440.25755681476 13.13054491421 36.21135648445 -101.69423207235 -240.05746977466
767.11926084968 5.09030260469 -200.99527649305 42.86577720580 56.86606551326 -31.88060355099 4.89225340174 160.62533826297
-308.27462008283 134.09087886913 762.13740507594 2.51703515922 -509.41331681981 -657.49000519425 4.22091427688 84.07047708322
-21.73476095041 -210.87218402265 118.76072078591 63.71877189339 -122.16530097035 222.89774372815 461.05809426820 484.94503219169
1519.88493331909 619.84278702063 -1574.73950908615 -924.10213493580 -1240.07008615186 -449.57425249760 438.88911813330 -188.92658370341
629.57173598426 -349.09839789853 15.08659247718 -300.50480277103 189.60940855791 40.40486740703 322.97173497600 230.64773011540
-109.97979174640 678.51702437744 -47.01228012796 -6.77730326936 -782.60483306160 427.07524812696 -47.77670885003 -18.17755047898
753.05201069087 95.34995273858 -829.75786016871 599.70469830785 -360.05454042148 902.55819664894 149.53065378930 -158.77835317081
1266.57753707681 1002.79617421400 -44.16828532664 93.83560034502 837.19950173063 -583.53128652394 451.82864214636 615.87526278597
-407.75182979414 192.00602735755 -8.76630554956 -105.89171399592 -1.36618514060 -9.90339853868 -728.64061434317 -169.67151558971
-145.82873045014 -1175.45378828893 -224.57373919075 -124.00971848128 200.48908590526 39.24274493583 -12.57619163817 -345.08974852802
-245.44403042807 1936.22959810720 -35.40126881371 -780.11287579250 974.34959373143 598.13746700390 596.97780012591 245.45457434826
-30.50709693984 -5.18728752031 -907.14401545846 -1278.50969645722 260.79047328310 -74.58179933213 1273.85219452482 393.38496808928
-472.05825644220 -307.44516363495 -957.46997739300 235.96640217196 14.96146470810 -23.93691917734 -38.66117464961 219.92799046149
-63.46001567800 -35.21425787299 741.72399353083 203.97006170956 390.03195215063 -412.34486467516 464.67654419141 318.98793194606
-623.38464787633 -164.16261056798 -11.22941693419 -43.21603257316 511.82797776389 -101.00631888732 -223.04004105191 -27.17553674403
-510.05578602448 -1039.79898101110 315.56850405029 -147.39549824787 -82.52969062234 249.73846181946 725.38828084516 -231.83268805427
786.03127507566 462.20762465064 -1032.43034305158 -1173.69671014954 -283.27057729312 28.48261733216 -251.97237532133 96.25193124629
182.40822287089 4.41855228266 99.19714926174 151.28731588153 -1299.17719516565 -151.55423902180 -140.13453123647 170.32691771119
-64.35303995268 -306.41779899703 -226.73181087719 98.66191837633 84.56041794639 -137.29514219019 1379.44470058498 -78.64349829291
-18.88631366469 100.34933710439 -46.02806187309 -312.13358984087 56.43463672850 -108.42652636923 -1008.22022711928 -1051.43948717784
208.74563979636 289.10813125011 193.93823605244 42.59017197366 -2260.48987539508 -814.00654865201 -210.28776606026 210.26482564578
279.75525820388 672.98794061700 -135.29987044285 101.06808855106 -1191.03454153844 723.21138302936 659.31464469342 -863.05363206768
-68.04041280334 20.04755753765 789.83677890445 -557.58982559802 -420.18702695479 652.15050069749 15.73522065610 -36.94673329704
9.56094200379 117.59618744353 -11.96951756414 -13.66839009231 -400.94745298451 -288.52402270557 81.74967739339 61.47995532394
-24.10005175946 -43.97553253515 -12.65547647155 -5.36930044427 -40.96808349635 239.62141610452 -259.71733828610 -386.61676448040
-579.85803396813 931.43749482407 73.89839238580 -21.32071037159 156.40290812405 -237.13680892569 49.06566552295 38.01015902559
-0.71471903426 -3.70850752382 67.92752403315 279.00331459971 525.85312337215 682.52402533912 -128.88901909571 -198.28658699800
47.50775528688 -10.20059249404 -100.47689283193 17.91585827085 578.68553598700 -365.24471140561 -408.36504196301 -611.69671434323
-835.62960822597 621.01747920320 209.86544507665 -409.99561987009 97.75660066543 -4.67277048623 106.78361004059 -137.16587108444
74.75601427824 113.31602376749 115.36651979104 3.35374328379 -70.37940276628 -587.86470738614 20.24430849665 10.92978510255
-270.35547234656 -178.20800759224 21.29584052947 -33.42974178300 259.07981813356 -224.89230247568 552.76416317898 543.03619275661
-210.45864855465 -95.89816999324 13.52154536270 383.57175433255 -282.63481642194 -382.69240820098 -13.38576800765 -19.72492357559
-13.78527969968 -12.10337578588 337.94829703625 -163.18275016339 393.88266858904 -214.74685409065 -345.37461948833 -919.56789148710
166.34296025071 -22.39210004990 -131.61133965052 -195.90263838256 -6.90528869093 -559.15264253973 183.73832389408 623.20841940966
-386.02637493327 -120.71625056988 65.99461363022 111.69997463519 87.43135876583 -13.31623771364 32.79396660658 -159.88178812877
-261.94508924733 -185.50040127367 -247.28469182258 -399.15890201487 -3.80035907491 -0.62613503440 -116.94510304251 -13.31216315334
16.26873807724 907.41147314671 1309.80488868951 598.10168911661 -941.50330897688 534.44634074957 167.69523691108 281.48663248931
275.45631365268 -833.26693811374 -343.67792923587 -74.94527662780 131.83413691832 -466.74804573557 -466.70387681153 -12.88523678506
147.02994047197 17.05795459866 276.91512168285 -8.79707711652 -173.71959607496 668.15017607244 67.26454550602 -55.08337337227
-288.98795080285 -369.17898533164 1.68720250565 -226.60065344036 -1947.78753542750 41.43806806891 5.62584785492 21.43997186114
-65.22723001683 690.34425154087 87.74281863172 -603.82981981157 913.41151971872 -957.95728654729 -122.03438069957 -1051.60344996027
-459.58775871809 -50.77881260688 -582.57403684394 -503.94565214015 248.41388679970 1290.77752087330 117.75257327564 -938.37706637698
97.46135611604 105.59653446141 0.63673375163 184.41069468695 -0.13420592158 -9.21593529500 -120.65446110576 -914.81621155975
405.72852249826 -877.68896347285 56.21526733852 -17.30389126985 68.71069863275 -47.62455386732 -115.82606698841 -273.74193866846
-146.93480741129 708.75974299354 48.06210650262 -32.36063041522 -329.86334629767 -121.30524383331 228.86086006185 420.37903132607
1246.87299242029 -325.07722932614 -30.46886656132 371.87331016085 -819.68805735448 710.15788913333 -408.16138556727 227.12960650189
7.68282990732 47.97059852946 9.21873777336 185.30745522911 -440.17451484448 -699.01380301045 64.22519775874 70.73876414977
-286.71219198577 -363.04917089338 -47.47788355727 282.44874730144 -349.84961686264 -260.11049275964 198.49536237598 -400.91223304817
119.58335067344 251.27002849183 -266.98091496526 -535.40719836458 239.38617158218 -434.98187552114 -216.28266302534 -194.40859936730
281.86852947419 -438.19547772223 566.57726139231 -403.65686236444 -260.13098147240 -1343.76776499096 685.81649827253 -294.24344642191
355.00271745475 216.90034443558 -400.99121065529 1095.80571010701 -149.19112349121 659.86926871780 490.15945591109 175.18448790427
-8.75415838767 335.09495875345 -455.61994439152 -424.28048576479 -90.87445688434 -284.75487183739 -159.76157529190 -1082.29807160591
-342.50562600058 -6.12963411266 -264.62758055909 -783.94615307487 390.28202481146 269.84809513819 -231.14224656647 144.14904526470
-506.70239751553 -336.17784339144 8.87326959406 -22.60070078587 -1305.78842118668 217.65366960678 -149.93526723779 -117.47702667029
-334.97093923874 274.80068695191 794.44973034382 -62.89652140906 -140.23859932282 537.42827657268 -1.53689128279 -5.64305872008
-457.99629183820 74.40693913801 11.65868329515 -25.74883580492 -268.32356322026 -88.64477588882 452.25082111848 51.58934408816
79.28683236482 -99.06898754426 -297.49192398038 -558.01330862270 -32.60686252753 20.26619243231 -73.95741627150 -36.05250368675
99.75365743253 30.13876746623 -517.47516152304 824.06889670241 517.85828369903 25.54502709190 70.24235571281 108.04032707524
406.35137823664 198.23862865410 270.18514953276 -77.27221038563 629.74334185213 -1098.09285245551 -137.20112179081 227.31848869617
-249.11689841662 224.82735862091 297.24493083235 -74.17268880909 788.64400567876 -1247.85767675724 -163.22252482812 -54.81256900911
669.40064721252 -472.25713239386 153.96383021584 -727.40303320249 -260.90725915253 -194.46774079812 -106.02647533097 -19.62692310495
156.35745759197 915.91568443039 -74.23007360059 644.63496422651 -43.71021108285 -38.81221485730 -680.36968290192 -278.48564216314
477.48937668947 944.02094354509 219.88813364621 -402.07249535614 163.31114296702 270.03498555728 -2692.18713657426 -2949.17619990018
806.03909663320 -623.44704921704 443.24183122482 -766.83529087975 25.59450745611 5.91901201390 -248.30015288118 -828.73764521030
-27.28665679315 209.78520084405 459.36605344870 13.68202933745 210.39186648690 548.43501172007 464.86942774049 454.61425589251
-33.01792819782 117.77426756924 -1176.70719520803 330.37840214459 193.91959406819 -635.15365097268 1448.06302880553 279.82600295826
278.65010656615 108.99670927665 254.11318229730 430.13933970053 18.84363405835 447.90520106712 -243.18572008676 -184.64071064439
75.24437311742 765.44241254975 1415.63775165037 1087.47647732593 76.86690156766 162.30944576189 -533.46891029730 624.94662966364
882.57588832331 780.23252299330 -187.39527604343 -216.48762465516 -103.21113891483 -49.68915697093 -266.20688727750 -763.54516078176
-604.91420098007 423.09830974361 17.69406663798 43.50859680632 80.70712242674 -802.26752882896 2113.68976313022 1222.53396795888
-399.46309181624 88.38180872409 461.68492718481 208.97245269586 -435.36191980324 -252.38136621443 -207.42286542248 392.82206109446
174.85480880129 -643.31918485562 341.36522078188 -165.68904882728 -153.92942812000 -159.15575492105 -156.28037092152 1203.07568234257
-76.33165008361 -96.42661421260 48.92085581821 274.95176685880 -416.24283287945 -23.32457232879 -224.07864593453 159.92480027204
-33.07532963218 360.92595954621 351.81787503434 -194.33538248564 -25.94329720571 38.13537101421 666.70143855360 -1021.57345001390
-24.57939623243 -467.46365083621 136.01441759522 -27.42636388593 74.78675842895 -127.34896046337 339.33837216506 235.49757741274
-2194.08130742722 -360.01659388102 27.72503928563 -314.68418280221 -419.43607811677 -127.96933965607 -223.19275968689 -0.26895258939
-167.21193196082 -329.05558660002 468.82664385417 1238.75382184493 617.00807798150 -559.14394484411 -137.73577835215 236.56157537032
1356.18329849464 -537.91067166701 174.61782553670 -339.41858204595 324.21417736616 33.76705442822 217.24903256305 -613.80075597420
-11.91695880125 76.38135311951 48.99948186076 419.33976335915 -301.65670116868 -53.29154716461 -640.70071597914 330.45374034727
277.12273852210 417.37566344288 97.50431063536 -280.65224526287 222.40153816686 184.18353000259 155.84342921983 113.65696924284
239.27768463643 28.37538725675 810.26066867679 122.78989150597 296.12761133537 67.73059588946 920.36193127102 101.97138351874
15.16686429946 -340.60220044725 -383.71742346126 -305.58779010004 -218.38872891946 293.38541467880 59.92056321868 16.54374648354
30.35763118481 44.12287890255 -40.01729935698 -377.05861904127 -501.05028130425 -22.18760730697 -15.14831035011 -95.60885767492
-537.87010758949 612.92018237479 503.77058382769 -199.36232271041 273.84759264149 1173.33370535419 602.88056790596 -279.82383401025
88.25652860544 59.77692514869 -69.80847854552 6.46388383936 468.05581290831 358.99848955124 -148.25158876705 1167.52496294289
730.69242357703 668.97144428519 -954.25241405361 891.74791627832 99.95163695683 138.78134238681 -392.48609322655 233.61142787260
-21.15485926749 -3.97518003964 244.82394231671 758.40809044658 62.56392502829 624.11999698577 -165.56301977572 -305.04604794813
303.86863499527 346.83650255853 281.00908779237 0.84947215860 -365.00411390356 684.56946296373 -1750.27201294772 405.46627055956
-3407.76499722687 -702.59360378810 1525.52415275158 241.50790894159 -921.38973599642 196.87294726598 -197.92159496782 8.10693866320
241.85730971952 -116.43221003579 10.15878555030 -52.85840940896 17.51033224161 3.25170619901 -146.10941925062 1718.28565014533
10.82327371394 141.00961104511 -1334.74374667805 -392.67028264166 -333.93242317977 694.39949064036 -107.90388312956 -305.43005089893
740.00148334861 656.16119961681 -263.31103213823 -222.07806095017 -299.00421772087 -129.79377030842 -7.30289092820 26.77887425507
-62.94611137574 273.26150556937 68.87225642219 -693.25850714168 2764.91420040097 1188.82396099946 580.03225124307 -1230.69642670880
11.74793720272 -65.55543926056 372.18986249224 -210.08650679479 -815.74343067205 -1995.58147439500 -110.50521069560 63.47448383898
198.02232488981 -236.64240440361 -43.80151585039 1242.12669668340 -32.03756718198 27.52560688893 -236.65756002188 144.03609306032
1384.53978266841 1141.74987729907 -2067.58797011915 135.29501343850 85.58003533323 -84.30957439747 699.23302295394 615.18701748210
-43.57363773841 -235.07243228888 27.10889335273 -24.44733372983 356.48452352753 180.30932188064 -11.25470503482 12.11673100018
84.39996265538 51.25003918183 -71.70113731628 112.70223925416 74.62742019935 -286.07384056669 77.44791796756 136.10523604088
-196.03888885610 -156.08666652543 607.25188582487 340.74700323663 90.00923909845 -84.90969260617 -0.03877235135 1.97664573887
147.35519105076 -716.36579630358 99.33130634757 40.30391825554 -669.50661112689 263.84390976416 -30.24895567151 130.24518706074
-468.40165863289 689.41251459971 -223.47199384083 -172.77893258932 -465.49808091838 12.48074184473 -91.68615183535 -442.02461944967
299.81722625849 830.38446655462 100.35153830545 -54.69681718546 -152.23849180807 -3251.45639212628 1284.88462703917 36.14986769412
1156.96504643333 -1223.60223746409 232.11303801489 -486.60288108908 -4.95023119870 -60.94842880810 -740.67637998986 -11.42404593174
-1148.34942856175 -871.81510881911 83.17690583409 -8.72592695719 28.54454474735 -116.01465332454 978.13710159739 799.56245098385
-562.15844362634 -555.44031169338 99.32510219716 34.31171863893 -124.78649644234 157.81513105204 209.17210238483 -18.85818164495
-112.06144393446 185.30645627058 -1.29163082503 36.56776056203 36.77550627614 -35.69302560993 -302.14986299567 -225.29793710092
-26.88058762275 20.96193109676 -338.30153673836 -203.96233919156 108.98348988798 -140.19272790167 -18.67035881436 -18.64193292750
380.25349728504 81.74567797454 241.14350839107 -1717.77217901016 40.62478923546 0.06437418690 -430.15345114846 -22.44804004881
-48.91178547659 51.05547465558 -350.33956276582 326.86429640493 -192.80400656733 83.59177764358 177.81150696231 105.78166366833
-200.11131499574 -121.58183190700 -989.82560678247 494.83857326287 -112.02799078320 -165.13075315217 110.18543540576 228.97175386801
-258.74005090643 -544.35503070707 -10.23175527315 -22.31217269123 164.60727040253 11.41164260436 -2.88541934189 0.83985466668
-74.95395080166 -181.60939183856 -1545.29231948628 -1098.61531456829 614.97083727078 -2098.01998173142 -429.98929686906 -89.89976093681
44.01109605868 44.01698199618 37.17039941756 -54.70353825941 -11.81053259543 29.59298727663 -441.75126265757 -424.90287337259
-374.75490993880 -183.99935253751 -446.29399082300 249.80947310490 -3.04255025037 -2.23022432191 -464.55496359223 -699.64857351110
334.03297824877 -94.88585385872 72.12057507043 -15.68976029398 -18.66653620202 21.93698166408 848.26715755387 776.50733026044
-140.87500991467 -41.98058777195 472.02923812066 322.00573025657 27.25044416630 -581.13229904054 6.16259857793 166.81633858052
-2899.72370595282 -97.93685905134 -14.29438807105 32.03754182615 88.24287861978 0.97085148759 21.67768075130 139.95220651491
283.61166065051 -51.78343808361 1257.17336400278 1273.22635529422 1256.91718975414 -95.00317405276 937.08614340595 -105.42082559207
-848.48798196652 638.21763349076 19.92180626589 166.58336340026 -14.58181392007 -5.98981160113 -39.29820351320 41.74551071253
232.07918386750 -162.34358004814 193.30963213794 -253.42905306951 -1295.89418890145 328.27001809108 -6.47006159509 -73.38768506086
-12.12211538327 -28.40665446737 -190.51928380578 229.54131871500 -246.05994941726 -141.64365993749 -83.28476905332 -207.92531689549
-277.04536718998 -185.57549334855 -279.76709141062 220.69901035728 22.10802739755 469.47521779110 -236.65178437607 146.81199454469
-103.55474332325 -1670.20549603729 87.16727908636 50.27860492199 99.83767649413 219.17747547925 -687.06811919215 -34.91278538637
54.41694435574 -435.79249936260 509.74747554122 -1022.55522983098 215.67576321380 -371.08062728808 79.25008052797 69.92263935284
-467.58788562541 501.96454997333 -265.11572685155 -285.48682844840 629.86340783367 689.84410136231 -8.46219854609 -35.81616065636
-5.46048769207 -3.06616086726 485.25948122708 -1120.75857244913 -419.41016050900 -413.45244958282 194.21608569710 572.77405486194
-308.60160737187 -17.77112450911 158.83715861335 29.94907701818 338.25738120674 -523.26818157168 -343.10884712175 29.16761925979
113.34020612421 114.27167126162 -285.86177810043 903.85660296473 108.53318914454 27.90470034604 0.44100041964 264.08923228203
832.25844353175 320.28708948381 126.02692664188 -886.56407082354 -6.68327811933 -18.49283715559 -401.88515054905 110.44155899757
212.04413489775 1344.78674138267 353.58328861678 -180.88021195983 473.46721916033 -660.67258299004 -114.94954433585 584.91317105999
26.02245571071 111.37772421059 149.03759786465 -269.96118750411 -18.41541649022 42.66455864998 1258.42299646255 713.59223760459
-139.64679126948 295.92977643544 286.38720754738 592.36817284503 202.12109716974 -12.75175498478 -37.46453813406 597.18113259437
265.20793291260 1099.00624470007 -538.85267425768 -542.73790647053 -309.91958921619 1933.02944983542 -446.39120516244 -229.11279173119
-144.69446352849 -354.42562986701 417.62083762862 1687.85194814649 -67.29462625970 32.01538202918 415.35706581730 444.42385091972
-572.96968949546 681.91496720150 407.58423361200 681.98871144948 30.95890166840 -203.29834792601 424.02311306201 693.62576964231
20.37328399207 -31.98883359171 99.97032534674 -10.40254823790 252.37251780537 112.36436215410 -878.03497839601 -65.13997214822
0 0 0 0 0 0 0 0
0 0 0 0 0 0 0 0
0 0 0 0 0 0 0 0
0 0 0 0 0 0 0 0
0 0 0 0 0 0 0 0
0 0 0 0 0 0 0 0
0 0 0 0 0 0 0 0
0 0 0 0 0 0 0 0
0 0 0 0 0 0 0 0
0 0 0 0 0 0 0 0
